1.06
1.08
1.12
1.22
1.08
1.07
1.01
0.87
1.10
0.95
0.96
1.23
0.88
1.10
1.09
0.91
0.82
0.94
1.00
1.02
0.97
1.00
1.06
0.94
1.08
1.07
1.09
0.99
0.99
0.95
0.99
1.02
1.03
1.02
1.02
1.02
1.05
0.97
1.10
1.03
0.98
0.96
1.01
0.99
1.14
0.97
1.18
1.10
0.87
0.92
1.11
0.90
1.04
0.99
0.81
1.05
1.01
1.00
1.18
0.94
0.90
1.21
1.04
1.04
1.00
1.08
1.15
0.86
0.92
0.94
0.96
1.24
0.93
0.97
1.04
0.94
1.15
0.88
1.10
1.16
1.10
1.16
0.90
1.06
1.03
1.01
0.87
1.06
1.08
1.20
1.05
0.98
0.86
1.06
1.14
1.23
1.07
1.26
0.94
1.02
0.75
1.20
1.06
0.74
0.93
1.18
1.05
0.88
0.77
1.24
0.97
0.98
0.95
0.90
0.91
0.99
0.89
0.98
0.71
1.48
1.06
1.02
0.74
1.18
1.14
1.07
1.14
0.90
1.04
0.97
1.13
1.08
0.92
1.00
0.85
1.12
1.13
1.10
0.99
1.14
0.89
1.24
1.08
0.96
0.98
1.30
0.88
0.97
0.94
1.13
1.20
1.02
1.38
0.99
1.30
1.07
1.05
0.78
1.21
1.33
1.10
1.21
1.11
1.13
0.93
0.90
1.37
1.24
1.28
0.99
1.39
1.17
0.97
1.34
0.82
1.04
0.52
0.81
1.23
0.95
1.06
1.17
1.46
1.22
1.14
0.92
1.25
1.04
0.98
0.92
1.05
0.89
1.32
1.31
0.71
0.89
1.23
1.05
0.83
1.00
0.94
0.96
1.13
1.22
1.17
1.25
1.01
1.36
1.52
1.07
0.96
1.04
0.76
1.05
1.01
0.92
1.12
1.20
1.12
1.16
0.86
1.22
1.12
0.99
1.18
0.85
0.90
0.74
1.01
0.83
0.62
0.68
1.29
1.10
1.05
1.06
0.90
1.13
0.90
1.30
0.94
1.09
1.30
1.07
1.16
0.97
0.80
0.62
1.21
1.03
1.07
0.81
0.89
0.96
1.28
1.24
0.93
1.34
0.90
1.20
0.94
0.85
0.93
1.40
1.22
1.03
0.98
1.35
1.33
0.64
1.12
0.88
0.94
0.95
1.66
0.93
0.70
1.57
1.04
0.96
1.00
1.06
1.04
1.06
0.78
1.23
1.06
0.89
1.08
1.04
0.85
0.98
1.03
1.08
1.07
1.12
1.06
0.95
0.86
1.09
1.16
1.16
1.02
1.10
1.24
0.86
1.03
1.04
1.20
0.93
1.09
1.20
1.12
0.91
1.03
1.16
1.10
1.15
0.97
0.96
1.07
0.92
1.02
1.30
1.00
1.14
1.07
1.04
0.81
1.19
0.91
1.28
1.19
1.27
1.22
1.00
1.12
1.18
1.01
0.91
1.10
0.94
1.02
1.06
1.12
0.95
0.90
0.98
0.98
1.13
1.21
1.23
1.16
0.95
1.24
1.07
0.99
0.75
1.07
0.98
0.97
1.04
1.10
0.83
1.12
1.06
1.19
0.66
1.08
1.13
1.06
1.14
1.13
1.13
1.12
1.13
0.89
1.19
0.90
0.96
1.10
1.24
0.98
0.98
